64.8680
64.9426
64.9125
64.9444
64.8886
64.8908
64.9727
64.9444
64.8592
64.9761
64.9133
64.9162
65.0555
64.9612
64.9603
64.9415
65.0086
64.8740
64.9229
64.9063
64.9679
64.9278
65.0067
64.9171
64.9054
64.9369
64.9137
65.0009
64.8523
64.7820
64.9362
64.9244
64.8646
64.8996
64.9531
64.9469
64.9488
65.0267
64.9923
65.0024
64.9603
65.0404
64.9612
64.8951
64.9603
65.0956
64.9330
64.9679
64.8928
64.8608
64.9049
64.9660
64.9646
64.9320
64.9006
64.9751
64.9469
64.9056
64.8615
64.8477
64.9134
64.9522
64.8617
64.9932
64.9637
65.0741
64.8419
64.9240
64.8749
64.8725
64.8275
64.9592
64.9293
64.8886
64.9397
64.8924
64.9154
64.9469
64.9224
64.9531
64.9775
64.9253
64.8971
64.9420
64.8706
64.9153
64.8650
64.9272
64.9354
64.8976
64.9761
64.7855
64.9410
64.9722
64.9837
65.0139
64.9943
64.9746
64.9334
64.9909
64.9574
64.9751
64.9918
64.8857
64.8942
65.0134
64.9119
64.9047
64.8926
64.9325
64.9215
64.9511
64.8985
64.9133
64.8617
64.9292
64.9478
64.9244
64.9378
64.9368
64.7518
64.8583
64.8482
64.8668
64.8330
64.9344
64.9804
64.9655
64.9545
64.8803
64.9861
65.0034
64.9420
65.0038
64.9449
64.9492
64.9943
64.9579
64.9258
64.9211
64.8635
64.8673
64.8132
64.9191
64.9171
64.8511
64.8753
64.9209
64.9310
64.8141
64.9745
64.9684
64.8854
64.9751
64.9861
64.9034
64.9875
64.8457
65.0028
64.9301
64.9387
64.9507
65.0225
64.7863
64.9081
64.8487
64.9669
64.9880
65.0067
64.9234
64.9448
65.0610
64.9991
64.9962
64.9823
64.8771
65.0205
64.9209
64.8792
64.9880
64.8888
64.9688
64.9487
64.9804
64.9477
64.8601
64.9736
64.8555
65.0114
64.9890
64.9257
64.9281
65.0197
64.8971
64.9496
65.0663
65.0333
65.0539
64.8662
64.9088
65.0389
65.0442
65.0188
65.0452
65.0082
64.9851
64.9554
64.9693
64.9895
64.8854
64.9717
64.9938
64.9205
64.9434
64.9420
64.9281
65.0727
65.0790
65.0710
64.9895
64.9684
64.9746
64.9156
65.0221
64.9200
64.9876
64.9540
64.9090
65.0579
65.0605
64.9257
64.9304
64.8937
64.9789
64.9669
64.8065
64.9870
65.0182
64.8814
64.8868
64.8462
64.9521
64.8272
65.0066
64.8391
64.9324
64.9550
64.9104
64.9339
64.9655
64.9501
64.9099
64.9199
64.9971
64.8400
64.8529
64.8382
64.9252
64.8419
64.9923
64.9837
64.8643
64.9635
64.9205
64.9176
64.9938
64.9228
65.0244
64.9052
65.0019
64.8904
64.8931
64.9310
64.9101
64.9195
64.9095
64.8989
64.8966
64.8783
64.9472
64.9122
64.9194
64.9047
64.9018
64.9645
65.0015
65.0330
65.0341
64.9199
64.9136
64.9717
64.9597
65.0936
65.0576
65.0573
65.0313
64.9007
64.9641
64.9358
65.0120
64.9679
64.9353
64.9722
65.1175
64.9938
65.0667
65.0697
65.0960
65.0063
64.9765
64.9564
65.0432
65.0226
65.0260
64.9482
65.0437
64.9933
65.0875
65.0183
65.0730
65.0700
64.9818
65.0980
64.9684
65.0528
65.0284
65.0720
64.9876
65.0178
65.0380
64.9641
65.0390
64.9559
65.0048
65.0145
65.0106
65.0600
65.0409
65.0983
65.0975
65.0523
65.0821
65.0736
65.0422
65.1630
65.0859
65.0135
65.0015
65.0024
65.0924
65.0370
64.9337
65.0164
65.0658
64.9923
65.0504
64.9348
64.9199
64.9736
65.0206
65.0506
65.0620
64.9890
64.9429
65.0551
65.0707
65.0417
64.9626
64.9880
65.1032
64.9120
65.0550
64.9972
64.9943
65.0120
65.0092
65.0355
65.0581
64.9027
65.0183
65.0380
65.0993
64.9737
65.0605
65.0053
64.9703
65.0000
64.9286
65.0067
64.9626
65.0120
65.0772
65.0553
65.0000
65.0263
64.9464
64.9368
65.0312
65.0382
65.0521
65.0432
65.0844
64.9813
64.9645
64.9933
64.9660
64.8588
65.0209
65.0330
65.0509
64.9981
65.0546
65.1001
65.0518
65.0747
65.0268
64.9770
64.9617
65.0483
65.0710
64.9689
64.9957
64.9957
65.0392
65.0685
65.0201
65.0100
64.9330
64.9722
64.9449
64.9296
64.9369
64.9770
64.9065
64.9947
64.9674
64.9669
64.9247
64.9588
64.9363
64.9727
64.9780
64.9569
64.9079
65.0555
64.9597
64.9195
64.9146
65.0120
64.9689
64.9292
65.0461
64.9473
64.9334
64.9794
64.8359
64.8861
64.8841
65.0139
64.8744
65.0020
64.9113
64.9136
64.9055
64.9243
65.0130
65.0269
65.0341
64.9124
64.9410
64.9472
64.9775
64.9717
64.8487
64.8567
64.8111
64.9247
64.8259
64.9397
64.9045
64.8525
64.9395
64.9226
65.0077
64.9358
65.0086
64.9329
65.0010
64.9496
64.9516
64.9212
64.9501
64.9415
64.8586
64.7955
64.8620
64.8776
64.8517
64.7693
64.9092
64.9030
64.9140
64.9429
64.8848
64.8639
64.9324
64.9003
64.9267
64.7955
64.9630
64.9045
65.0082
64.8955
64.9041
64.7421
64.8973
64.9205
64.8567
64.9043
64.8221
64.9716
64.9339
64.8343
65.0249
64.9544
64.9664
64.9041
64.9616
64.9544
64.9607
64.9770
64.9462
64.8690
64.9319
64.9319
65.0255
64.9957
65.0063
64.9660
64.9084
64.8906
64.9544
64.9292
64.8633
64.8960
64.8960
65.0518
65.0063
64.8116
64.9065
64.9146
64.9530
64.8437
64.8980
64.8504
64.9483
64.8911
64.8382
64.9641
64.8992
64.8563
64.8491
64.9117
64.9347
64.9440
64.9444
64.9088
64.9573
64.8491
64.8233
64.8697
65.0575
64.9943
64.8902
64.9076
64.9703
64.9550
64.9300
64.9247
64.8753
64.8949
64.8250
64.9186
64.9367
64.8673
64.9660
64.8744
64.9318
64.8780
64.9045
64.8859
65.0072
64.8931
64.9645
64.9439
64.8488
64.9631
64.9160
64.8969
64.9693
64.9549
64.9356
64.9698
64.8690
64.8911
64.7930
64.8994
64.9093
64.9712
64.8753
64.8931
64.8292
64.9505
64.8310
64.9692
64.8749
64.9438
64.8805
64.9021
64.9602
64.8771
64.8378
64.8805
64.9021
64.8935
64.8136
64.8319
64.8607
64.9200
64.8657
64.8466
64.7701
64.9260
64.8969
64.8789
64.8839
64.8774
64.8171
64.8666
64.7718
64.8931
64.8448
64.7773
64.8115
64.8293
64.8626
64.8985
64.8580
64.7158
64.7642
64.8369
64.8267
64.8605
64.6946
64.8723
64.8688
64.9491
64.7781
64.8538
64.8652
64.9289
64.9036
64.8805
64.9241
64.9386
64.9124
64.8462
64.8868
64.9472
64.9309
64.8902
64.9286
64.8255
64.9180
64.9563
64.9444
64.8978
65.0331
64.8987
64.9174
64.8538
64.7972
64.9558
64.8061
64.9347
64.8243
64.9975
64.8563
64.8870
64.8776
64.8530
64.9356
64.9269
64.8627
64.8467
64.8834
64.9064
64.9032
64.9641
64.8888
64.9448
64.8145
64.8794
64.9128
64.9186
64.9564
64.9079
65.0226
64.9727
64.9016
64.8533
64.8580
64.8504
64.8618
64.7491
64.9222
64.8588
64.8115
64.8969
64.9169
64.9179
64.9329
64.9097
64.8879
64.9097
65.0264
64.9847
65.0125
64.8994
64.8225
64.8394
64.9468
64.8780
64.7879
64.8137
64.9194
64.7161
64.8496
64.8767
64.9770
64.8659
64.8908
64.8306
65.0201
64.9185
64.8960
64.9779
64.9185
64.9352
64.9611
64.9645
64.9064
64.9967
64.9212
64.9621
64.8107
64.9750
64.8407
64.8771
64.8893
64.8755
64.8893
64.8996
64.9093
64.8958
64.9991
65.0635
64.9895
64.9438
64.9996
64.9727
65.0389
64.9885
64.9669
65.0650
65.0808
65.0467
64.9294
64.9866
64.9703
65.0130
64.9660
65.0469
64.9271
64.9828
65.0005
64.9717
65.0188
64.9606
65.0928
64.9746
65.0193
64.9688
64.9544
64.9621
64.9991
64.9900
65.0318
64.9611
65.0648
65.0787
65.0332
65.0643
65.0736
65.0851
65.0630
64.9174
64.9866
65.0255
64.9616
64.9530
65.0053
65.0813
64.9458
64.8737
65.0969
64.9986
65.0831
64.9962
64.9059
65.0154
64.9116
65.1064
65.0506
64.9717
64.9765
65.0588
65.0298
65.0467
65.0944
65.0029
65.0015
65.0034
64.9434
64.8623
65.0326
65.0308
64.9684
64.9415
64.9582
65.0106
64.9355
65.0134
64.9688
65.0025
65.0130
64.9794
64.9953
64.9799
64.9952
65.0457
65.1189
65.1263
65.1083
65.0020
64.9981
65.0399
64.9041
65.0830
65.1153
65.0000
64.8715
65.1072
64.9842
64.9712
64.9856
64.9803
64.9828
65.0144
65.0020
64.8742
64.9525
65.0509
64.9679
64.9943
65.0318
64.9948
65.0779
64.9967
65.1235
65.0643
65.0588
64.9995
65.0052
64.9531
65.0234
65.0446
64.9708
65.0187
65.0316
64.9125
64.9253
64.9847
64.9325
65.0240
64.9852
64.9784
65.0115
64.9636
64.9215
65.0382
65.0187
65.0317
65.0000
65.0082
64.9899
65.0096
65.0646
65.0192
65.0747
65.0058
65.0623
65.0148
65.0603
65.0360
64.9761
64.9569
65.0469
65.0325
64.9388
64.9679
65.0182
65.0339
65.0321
64.9650
64.9340
64.9516
65.0220
64.9636
65.0852
64.9765
65.0025
65.0385
64.9947
64.9602
64.9381
65.0130
65.0708
65.0824
64.9895
64.9014
65.0344
65.0062
65.0278
64.9512
65.0651
65.0489
64.9770
65.0792
65.0466
65.0509
65.0436
65.0682
65.0000
65.1119
64.9717
65.1003
65.0144
65.0461
64.9938
65.0106
64.9885
65.0355
65.0531
64.8935
64.9429
65.0379
65.0183
65.0414
65.0356
64.9007
65.0192
65.0885
65.0983
64.9780
65.0764
65.0346
64.9789
65.0674
65.0231
65.0563
64.9775
65.0437
65.0216
65.0650
65.1140
65.0789
65.0570
65.1339
65.0375
64.9890
64.9866
64.9214
65.0623
65.0674
64.9986
65.0709
65.1115
65.0684
65.0174
65.0975
65.0918
65.0674
65.1288
65.0188
64.9452
65.1382
65.0882
65.0370
65.0429
65.0126
64.9659
65.0106
65.0993
65.1214
65.1003
64.9746
65.0303
65.0805
64.9962
64.9991
64.9909
65.0489
65.1232
65.0330
64.9976
65.0782
65.0513
64.9761
65.0583
64.9818
65.0469
65.0479
64.9426
64.9717
64.9171
64.9669
65.0174
65.0640
65.0092
65.0519
65.0116
65.0283
65.1174
65.0164
65.0116
65.0926
65.0615
65.1137
65.0705
65.0029
65.0528
65.0795
65.0279
64.9775
65.0039
64.9967
65.0524
65.0230
64.9837
64.9847
65.0159
65.0337
65.0312
64.9674
65.0481
64.9986
65.0447
65.0183
65.0010
65.0101
64.9995
65.0355
65.0485
65.0235
65.0489
65.0034
65.0307
65.0392
64.9325
64.9316
65.0449
64.9137
65.0300
64.9397
64.9121
64.9832
64.9431
64.9990
64.9450
65.0459
65.0268
64.8074
64.9272
64.8861
65.0249
64.9458
64.8986
64.9627
64.8982
64.9101
65.0076
65.0086
64.8939
64.9669
64.9092
64.9522
64.9516
64.9034
64.9656
64.9847
64.9360
64.8599
64.8514
65.0339
64.8886
64.8693
64.9067
64.8570
64.9139
64.9976
64.9067
64.8785
64.9397
64.8857
64.9186
64.9105
64.8946
65.0105
64.9545
64.9297
64.9150
64.8254
64.9660
64.8828
64.9406
64.8554
64.9143
64.9186
64.9096
64.9406
64.8875
64.8680
65.0124
64.9986
64.9391
64.9122
64.9354
65.0725
64.9276
65.0376
64.9890
65.0130
65.0077
65.0548
65.0648
65.0414
65.0732
65.0543
65.0277
65.0628
65.0882
64.9794
65.0312
64.9986
65.0024
65.0082
65.0169
65.0419
64.9246
65.0217
64.9967
65.0101
64.9832
65.0625
65.0578
64.9717
65.0568
64.9736
65.0134
65.0206
65.0427
65.0005
64.9684
65.0471
64.9976
65.0486
65.0451
64.9957
65.0159
64.9770
65.0849
65.1112
65.1086
64.9373
65.0835
64.9823
64.9255
64.9923
64.9655
65.0684
64.9972
64.9996
65.0130
64.9929
65.0179
65.1122
64.9914
64.9415
64.8713
64.9386
63.4129
38.5673
-6.9745
-22.2151
-22.1441
-19.6111
-23.4199
-24.5676
-24.5564
-24.5476
-24.5103
-24.7319
-24.5604
-24.2440
-24.2414
-24.3985
-24.4639
-24.1646
-24.1522
-24.1580
-23.8649
-23.9731
-23.9434
-23.9627
-24.0653
-24.1430
-24.3069
-24.1998
-24.2298
-24.1768
-24.1533
-24.1540
-24.2951
-24.1692
-24.1634
-24.2118
-24.1826
-24.2359
-24.2565
-24.1624
-24.1072
-23.9459
-24.1887
-24.2309
-24.0495
-24.0815
-24.1941
-24.1273
-24.1080
-24.3106
-24.1801
-24.1607
-23.9003
-24.0276
-24.0578
-24.2226
-24.0619
-23.8040
-24.1360
-24.4031
-24.4090
-24.3088
-24.4515
-24.4763
-24.3743
-24.3469
-24.1531
-24.2837
-24.3822
-24.2921
-24.4057
-24.4227
-24.4868
-24.5628
-24.5778
-24.4319
-24.5641
-24.5242
-24.4476
-24.6186
-24.5593
-24.6584
-24.4824
-24.6589
-24.4634
-24.3659
-24.5730
-24.4665
-24.5544
-24.5379
-24.6000
-24.4673
-24.5091
-24.4777
-24.5098
-24.5458
-24.7165
-24.5190
-24.5766
-24.5248
-24.4744
-24.6772
-24.4811
-24.5686
-24.4312
-24.4848
-24.5805
-24.5286
-24.5131
-24.5739
-24.5967
-24.6012
-24.6225
-24.4693
-24.4554
-24.5791
-24.4633
-24.5398
-24.5626
-24.4718
-24.4580
-24.5097
-24.4672
-24.5561
-24.5175
-24.4639
-24.4463
-24.4920
-24.3477
-24.5227
-24.5562
-24.5201
-24.5358
-24.4959
-24.5639
-24.6222
-24.4261
-24.4861
-24.5971
-24.5378
-24.5680
-24.4848
-24.4882
-24.4423
-24.3822
-24.3808
-24.3900
-24.4587
-24.6346
-24.5602
-24.3927
-24.5228
-24.3836
-24.5156
-24.4855
-24.5209
-24.4548
-24.4430
-24.5725
-24.6255
-24.4555
-24.5314
-24.4430
-24.5628
-24.5451
-24.4921
-24.5262
-24.4633
-24.5163
-24.5552
-24.4143
-24.5497
-24.5163
-24.4888
-24.5078
-24.5052
-24.4535
-24.3267
-24.4915
-24.5406
-24.5184
-24.5392
-24.6746
-24.5799
-24.5766
-24.5523
-24.7666
-24.6109
-24.6054
-24.4123
-24.3011
-24.4861
-24.4830
-24.4790
-24.4338
-24.4142
-24.5058
-24.4659
-24.3900
-24.4063
-24.4881
-24.5019
-24.5084
-24.4797
-24.4718
-24.4423
-24.4554
-24.5610
-24.4875
-24.3992
-24.4430
-24.5700
-24.4810
-24.4018
-24.4994
-24.5820
-24.4921
-24.5626
-24.3770
-24.4869
-24.4338
-24.3186
-24.3165
-24.4096
-24.4187
-24.4600
-24.4286
-24.4456
-24.2231
-24.2471
-24.1948
-24.4304
-24.2617
-24.2890
-24.4554
-24.3258
-24.5162
-24.4292
-24.4810
-24.3694
-24.3421
-24.4659
-24.3678
-24.3768
-24.3328
-24.1534
-24.3425
-24.3670
-24.2666
-24.3356
-24.3172
-24.3261
-24.3349
-24.2883
-24.3820
-24.3486
-24.3244
-24.3216
-24.3669
-24.4147
-24.4384
-24.4344
-24.4870
-24.2672
-24.2790
-24.4606
-24.2826
-24.3244
-24.4102
-24.2216
-24.3263
-24.0753
-24.4219
-24.1848
-24.3621
-24.2876
-24.2985
-24.3086
-24.3006
-24.3807
-24.3714
-24.4154
-24.3300
-24.2056
-24.3550
-24.3851
-24.4792
-24.1571
-24.2009
-24.3228
-24.3221
-24.1969
-24.4731
-24.3131
-24.3589
-24.2641
-24.3951
-24.2328
-24.2941
-24.1027
-24.2031
-24.3400
-24.2725
-24.3130
-24.2587
-24.3190
-24.3058
-24.1976
-24.3039
-24.4167
-24.3931
-24.4660
-24.4574
-24.3367
-24.3643
-24.3610
-24.3270
-24.3957
-24.3615
-24.3293
-24.4620
-24.2082
-24.3760
-24.4062
-24.2660
-24.4030
-24.4410
-24.4732
-24.5211
-24.3150
-24.3701
-24.2641
-24.5176
-24.3951
-24.4240
-24.4338
-24.3682
-24.4227
-24.4050
-24.3720
-24.5008
-24.3558
-24.4266
-24.3813
-24.4903
-24.6080
-24.5579
-24.4561
-24.2310
-24.4048
-24.5177
-24.4089
-24.3722
-24.4181
-24.4679
-24.3905
-24.3276
-24.3799
-24.4423
-24.4239
-24.4318
-24.5343
-24.4068
-24.4068
-24.4390
-24.4515
-24.4555
-24.4522
-24.5533
-24.3189
-24.4581
-24.3524
-24.4614
-24.3694
-24.4311
-24.4076
-24.2768
-24.4377
-24.3825
-24.4193
-24.4535
-24.3112
-24.5335
-24.4371
-24.2816
-24.4266
-24.3531
-24.3852
-24.3636
-24.3655
-24.3046
-24.3486
-24.3715
-24.3773
-24.4850
-24.3066
-24.3615
-24.4121
-24.3878
-24.4325
-24.4870
-24.4167
-24.4515
-24.5013
-24.5257
-24.4928
-24.4810
-24.4935
-24.4509
-24.3748
-24.5592
-24.3590
-24.2850
-24.4456
-24.3709
-24.3761
-24.2829
-24.3223
-24.2927
-24.4888
-24.4240
-24.3249
-24.3701
-24.3546
-24.4777
-24.4161
-24.3459
-24.4443
-24.3570
-24.5366
-24.5684
-24.5144
-24.4994
-24.4495
-24.4522
-24.4076
-24.5060
-24.4200
-24.4495
-24.4541
-24.4804
-24.5289
-24.5321
-24.5546
-24.5104
-24.4738
-24.5309
-24.5453
-24.5276
-24.5290
-24.4607
-24.4915
-24.5282
-24.5711
-24.5157
-24.6561
-24.5001
-24.4213
-24.4646
-24.4738
-24.5754
-24.3802
-24.5557
-24.5249
-24.4430
-24.4135
-24.4233
-24.5067
-24.4568
-24.4207
-24.4128
-24.4154
-24.3491
-24.4554
-24.3564
-24.4587
-24.5564
-24.5861
-24.5455
-24.5741
-24.5918
-24.4319
-24.4292
-24.5163
-24.4482
-24.5256
-24.5721
-24.4705
-24.5564
-24.5805
-24.5406
-24.4908
-24.4443
-24.4115
-24.4659
-24.5727
-24.4005
-24.5007
-24.4318
-24.3840
-24.4679
-24.3374
-24.4765
-24.5610
-24.4083
-24.5376
-24.5453
-24.5268
-24.5702
-24.4129
-24.3885
-24.4954
-24.6131
-24.4921
-24.3775
-24.3617
-24.3669
-24.4364
-24.4646
-24.5400
-24.4489
-24.4240
-24.4764
-24.4213
-24.4679
-24.4823
-24.4967
-24.5789
-24.4705
-24.6168
-24.5296
-24.4777
-24.5353
-24.4816
-24.5342
-24.4253
-24.4836
-24.4187
-24.3584
-24.4286
-24.3834
-24.4364
-24.4987
-24.4541
-24.5453
-24.5447
-24.4600
-24.5379
-24.4961
-24.5184
-24.5354
-24.5704
-24.4968
-24.4810
-24.5315
-24.5651
-24.5741
-24.5702
-24.4607
-24.3393
-24.4377
-24.3820
-24.4194
-24.4325
-24.4574
-24.5007
-24.4751
-24.4036
-24.5340
-24.5243
-24.4029
-24.5669
-24.5787
-24.4752
-24.5603
-24.4711
-24.5585
-24.4607
-24.4364
-24.3216
-24.5222
-24.4154
-24.4286
-24.6070
-24.4569
-24.4915
-24.4554
-24.4987
-24.5717
-24.5828
-24.5158
-24.5368
-24.5564
-24.4011
-24.5105
-24.4738
-24.4862
-24.4922
-24.4738
-24.4758
-24.4745
-24.4292
-24.4698
-24.4967
-24.3173
-24.4953
-24.4554
-24.5124
-24.4568
-24.4246
-24.4463
-24.5807
-24.4528
-24.4364
-24.5177
-24.4967
-24.6318
-24.4759
-24.4050
-24.5474
-24.3887
-24.5047
-24.4771
-24.4731
-24.4987
-24.4404
-24.5605
-24.4574
-24.5447
-24.4581
-24.4364
-24.5579
-24.4175
-24.4443
-24.4102
-24.3938
-24.3374
-24.5386
-24.4167
-24.4174
-24.4436
-24.4259
-24.3636
-24.3275
-24.4286
-24.3460
-24.3349
-24.4797
-24.5321
-24.4522
-24.3453
-24.4895
-24.4482
-24.5789
-24.4541
-24.4036
-24.5408
-24.5073
-24.5276
-24.5052
-24.4272
-24.4298
-24.4725
-24.3505
-24.3688
-24.4686
-24.3938
-24.4404
-24.3833
-24.3242
-24.2760
-24.3937
-24.3421
-24.3230
-24.4495
-24.4213
-24.4325
-24.4581
-24.5000
-24.3689
-24.4581
-24.3326
-24.3335
-24.4305
-24.2877
-24.3400
-24.4292
-24.3905
-24.3570
-24.3794
-24.3202
-24.3293
-24.4174
-24.3970
-24.4344
-24.4338
-24.5474
-24.4705
-24.4088
-24.3400
-24.4463
-24.4095
-24.4423
-24.3177
-24.4404
-24.4456
-24.5008
-24.4614
-24.3465
-24.2967
-24.5611
-24.3945
-24.3058
-24.3137
-24.3288
-24.3852
-24.3144
-24.3177
-24.5487
-24.3196
-24.4325
-24.3562
-24.4193
-24.4456
-24.5067
-24.3530
-24.5283
-24.4226
-24.3307
-24.4220
-24.3595
-24.2934
-24.3865
-24.3564
-24.3806
-24.5441
-24.3124
-24.4875
-24.5093
-24.4036
-24.2494
-24.5407
-24.4371
-24.5282
-24.5185
-24.5519
-24.4673
-24.5179
-24.4923
-24.6273
-24.5204
-24.6162
-24.4661
-24.3479
-24.4246
-24.4909
-24.4443
-24.5400
-24.4384
-24.4318
-24.3125
-24.5411
-24.4397
-24.5301
-24.4954
-24.3638
-24.5290
-24.5643
-24.4548
-24.4148
-24.5125
-24.4830
-24.4613
-24.5748
-24.4148
-24.5020
-24.4647
-24.4594
-24.6422
-24.5597
-24.3724
-24.5046
-24.4600
-24.4967
-24.3559
-24.4777
-24.3702
-24.3421
-24.4856
-24.4443
-24.4135
-24.4554
-24.4791
-24.4200
-24.5314
-24.4672
-24.3997
-24.4502
-24.4679
-24.4463
-24.5610
-24.5894
-24.4254
-24.5093
-24.3866
-24.5792
-24.5289
-24.5750
-24.5434
-24.5276
-24.6069
-24.5301
-24.5700
-24.4653
-24.3874
-24.4286
-24.4941
-24.4384
-24.4024
-24.4187
-24.5151
-24.5229
-24.4882
-24.5690
-24.5901
-24.4031
-24.5727
-24.4783
-24.5425
-24.2998
-24.4966
-24.4770
-24.4948
-24.4286
-24.4783
-24.4653
-24.3101
-24.3507
-24.2995
-24.5275
-24.3723
-24.4253
-24.5492
-24.4994
-24.3991
-24.5367
-24.3684
-24.3172
-24.5006
-24.4305
-24.4260
-24.4875
-24.3296
-24.3840
-24.3795
-24.3848
-24.4004
-24.3585
-24.3906
-24.4227
-24.4443
-24.3723
-24.5530
-24.5295
-24.3101
-24.5695
-24.4378
-24.3539
-24.4233
-24.5204
-24.4338
-24.4738
-24.4489
-24.3781
-24.4070
-24.3689
-24.3919
-24.4037
-24.5026
-24.4167
-24.5556
-24.4443
-24.3701
-24.4213
-24.3860
-24.3775
-24.4725
-24.4449
-24.3972
-24.5229
-24.3423
-24.4620
-24.4711
-24.4233
-24.5340
-24.3894
-24.4770
-24.3147
-24.4253
-24.5144
-24.2940
-24.4815
-24.4495
-24.4299
-24.4410
-24.5530
-24.4404
-24.2836
-24.5313
-24.3031
-24.4515
-24.3488
-24.4410
-24.3109
-24.2684
-24.3046
-24.4148
-24.3244
-24.4089
-24.4096
-24.3925
-24.3134
-24.3527
-24.4410
-24.1805
-24.4245
-24.3625
-24.4404
-24.3416
-24.2744
-24.3232
-24.2872
-24.1916
-24.3474
-24.3984
-24.4541
-24.3316
-24.2565
-24.3985
-24.4633
-24.4174
-24.3102
-24.4626
-24.3124
-24.3429
-24.3429
-24.2781
-24.3678
-24.3350
-24.2161
-24.2997
-24.3272
-24.3658
-24.3757
-24.3220
-24.4358
-24.3350
-24.3638
-24.4050
-24.5673
-24.5137
-24.4613
-24.4561
-24.4024
-24.3566
-24.4502
-24.3933
-24.5868
-24.5148
-24.3875
-24.4397
-24.4240
-24.5694
-24.5275
-24.3045
-24.4482
-24.3534
-24.4064
-24.5289
-24.4345
-24.4961
-24.4325
-24.4489
-24.4312
-24.4692
-24.3966
-24.4495
-24.5215
-24.3966
-24.4541
-24.4502
-24.5326
-24.4299
-24.5928
-24.5169
-24.3978
-24.5169
-24.5970
-24.4319
-24.5289
-24.5281
-24.4057
-24.4443
-24.4240
-24.6122
-24.4680
-24.4260
-24.6628
-24.4765
-24.3063
-24.5098
-24.4797
-24.4463
-24.4338
-24.4109
-24.4901
-24.5556
-24.5581
-24.5059
-24.6024
-24.4195
-24.4658
-24.6805
-24.4666
-24.5051
-24.5032
-24.3880
-24.4862
-24.5433
-24.6549
-24.4778
-24.4817
-24.5723
-24.5033
-24.4633
-24.4712
-24.4889
-24.4305
-24.5622
-24.6042
-24.5268
-24.5375
-24.4600
-24.5091
-24.4266
-24.4384
-24.5354
-24.4318
-24.5190
-24.5451
-24.7174
-24.5046
-24.4495
-24.4305
-24.4404
-24.4253
-24.3460
-24.3462
-24.3560
-24.4816
-24.4364
-24.4200
-24.4384
-24.5426
-24.3059
-24.3841
-24.2890
-24.3926
-24.2436
-24.3730
-24.3337
-24.3193
-24.2886
-24.3311
-24.3874
-24.3769
-24.3046
-24.2654
-24.4979
-24.4116
-24.3410
-24.5123
-24.4077
-24.2231
-24.2727
-24.3344
-24.4083
-24.2526
-24.3842
-24.3313
-24.2352
-24.3769
-24.1615
-24.2636
-24.3940
-24.4051
-24.3357
-24.3404
-24.3311
-24.3083
-24.3392
-24.2212
-24.4141
-24.3580
-24.4168
-24.3213
-24.3364
-24.2795
-24.1888
-24.3795
-24.4397
-24.3862
-24.3470
-24.2694
-24.3018
-24.3809
-24.3051
-24.2284
-24.3697
-24.3085
-24.3946
-24.4874
-24.3497
-24.4528
-24.4423
-24.4933
-24.3288
-24.4397
-24.4769
-24.4914
-24.4469
-24.2964
-24.5297
-24.4992
-24.4991
-24.3406
-24.4404
-24.3652
-24.3829
-24.4195
-24.5579
-24.4940
-24.3861
-24.4012
-24.3535
-24.2449
-24.4533
-24.3299
-24.4325
-24.5267
-24.5528
-24.5719
-24.4547
-24.5815
-24.5437
-24.5782
-24.4685
-24.4881
-24.3842
-24.4214
-24.4973
-24.5791
-24.3770
-24.4921
-24.4711
-24.5976
-24.5103
-24.4986
-24.4992
-24.5832
-24.6569
-24.5731
-24.4940
-24.5495
-24.4875
-24.5659
-24.4417
-24.4469
-24.5817
-24.5581
-24.4633
-24.5692
-24.6204
-24.4882
-24.5673
-24.4639
-24.3730
-24.7329
-24.4267
-24.5593
-24.4299
-24.4096
-24.5339
-24.4835
-24.5811
-24.5131
-24.6458
-24.5961
-24.3901
-24.4508
-24.5809
-24.6192
-24.4588
-24.4646
-24.5562
-24.5163
-24.4005
-24.3032
-24.4181
-24.5234
-24.4952
-24.2393
-24.3542
-24.2825
-24.3868
-24.3457
-24.4410
-24.4410
-24.5286
-24.4332
-24.4116
-24.3960
-24.4084
-24.4045
-24.5117
-24.3939
-24.3220
-24.3717
-24.3076
-24.3450
-24.4639
-24.4325
-24.3410
-24.5442
-24.3783
-24.3638
-24.3352
-24.4841
-24.3693
-24.3477
-24.2543
-24.4208
-24.4084
-24.3797
-24.2384
-24.2837
-24.2603
-24.3183
-24.1190
-24.3110
-24.3946
-24.3457
-24.4789
-24.3894
-24.4528
-24.4260
-24.4430
-24.3436
-24.2844
-24.2921
-24.2877
-24.4515
-24.2943
-24.5069
-24.3156
-24.3959
-24.2555
-24.4671
-24.2878
-24.3561
-24.3273
-24.3150
-24.5650
-24.2785
-24.2582
-24.3301
-24.4358
-24.4293
-24.2943
-24.3648
-24.4110
-24.4417
-24.3862
-24.4959
-24.4260
-24.4162
-24.3587
-24.3494
-24.4293
-24.4018
-24.3999
-24.3109
-24.4097
-24.4867
-24.3490
-24.3522
-24.3764
-24.4195
-24.3712
-24.5498
-24.3302
-24.4443
-24.3908
-24.3745
-24.3725
-24.4156
-24.3197
-24.4619
-24.4717
-24.3249
-24.4482
-24.3308
-24.4018
-24.5344
-24.4228
-24.3628
-24.5343
-24.6467
-24.4333
-24.4430
-24.3850
-24.5325
-24.3550
-24.4880
-24.4952
-24.5356
-24.3543
-24.5558
-24.4913
-24.4580
-24.5911
-24.3909
-24.6005
-24.4294
-24.4698
-24.4482
-24.4338
-24.5398
-24.4462
-24.3778
-24.5397
-24.2950
-24.4241
-24.5495
-24.6437
-24.5598
-24.5083
-24.4606
-24.6144
-24.5097
-24.4006
-24.4169
-24.3359
-24.5036
-24.4933
-24.4860
-24.3698
-24.4978
-24.5991
-24.4548
-24.4293
-24.5651
-24.4222
-24.4652
-24.5481
-24.4978
-24.4404
-24.5645
-24.5292
-24.3928
-24.4867
-24.4489
-24.4763
-24.3548
-24.3953
-24.5515
-24.4887
-24.3881
-24.4214
-24.4809
-24.4534
-24.2573
-24.4697
-24.4685
-24.3762
-24.3789
-24.3750
-24.3973
-24.3275
-24.4214
-24.4358
-24.3417
-24.3613
-24.4711
-24.4443
-24.3640
-24.3946
-24.3640
-24.3032
-24.3292
-24.3455
-24.2219
-24.2844
-24.3350
-24.3952
-24.3998
-24.3337
-24.3376
-24.3579
-24.3148
-24.3488
-24.3448
-24.2788
-24.2939
-24.3594
-24.2532
-24.4448
-24.4678
-24.2800
-24.3202
-24.4377
-24.4371
-24.3966
-24.2965
-24.3972
-24.3357
-24.3854
-24.4554
-24.2641
-24.3429
-24.3698
-24.3051
-24.2795
-24.2921
-24.2758
-24.2568
-24.3137
-24.3534
-24.3638
-24.4829
-24.3200
-24.3155
-24.4227
-24.4234
-24.4195
-24.3306
-24.2802
-24.2788
-24.3039
-24.3097
-24.3208
-24.3153
-24.4606
-24.2597
-24.3169
-24.3644
-24.3392
-24.3579
-24.4384
-24.4881
-24.2908
-24.3183
-24.4221
-24.2981
-24.3862
-24.4658
-24.3431
-24.3926
-24.3443
-24.4658
-24.4038
-24.4129
-24.4463
-24.4220
-24.4404
-24.3717
-24.3476
-24.4371
-24.3659
-24.4803
-24.3411
-24.3750
-24.2856
-24.2974
-24.3652
-24.4044
-24.4351
-24.4835
-24.3875
-24.4593
-24.4116
-24.4273
-24.4417
-24.4253
-24.3842
-24.3847
-24.3998
-24.4875
-24.5254
-24.4279
-24.4495
-24.5538
-24.4954
-24.3972
-24.5359
-24.3868
-24.4934
-24.5497
-24.5143
-24.3521
-24.3716
-24.4463
-24.4797
-24.4207
-24.4907
-24.3716
-24.4240
-24.4987
-24.3664
-24.4174
-24.3428
-24.4515
-24.3952
-24.3265
-24.5339
-24.4227
-24.5892
-24.4562
-24.4626
-24.5307
-24.6878
-24.5459
-24.5411
-24.5815
-24.5046
-24.4921
-24.4868
-24.5176
-24.4875
-24.5032
-24.4862
-24.5098
-24.4882
-24.4312
-24.3481
-24.4633
-24.4240
-24.4279
-24.3276
-24.4626
-24.5110
-24.3946
-24.3932
-24.5476
-24.4940
-24.4377
-24.5575
-24.4515
-24.5118
-24.5190
-24.4574
-24.5026
-24.5392
-24.4423
-24.3978
-24.4639
-24.3618
-24.5163
-24.5515
-24.4927
-24.5163
-24.5065
-24.4207
-24.4325
-24.3594
-24.3489
-24.3763
-24.3508
-24.3933
-24.4103
-24.5378
-24.4214
-24.4789
-24.4168
-24.4946
-24.3841
-24.4214
-24.3966
-24.4129
-24.3548
-24.4835
-24.4803
-24.2882
-24.4038
-24.3880
-24.5345
-24.5110
-24.4731
-24.5556
-24.3744
-24.4430
-24.5958
-24.4339
-24.5869
-24.3889
-24.6041
-24.5012
-24.5443
-24.5717
-24.4417
-24.4927
-24.6162
-24.4033
-24.4724
-24.5098
-24.6096
-24.5162
-24.5279
-24.5098
-24.4410
-24.4921
-24.4449
-24.5712
-24.4469
-24.5333
-24.4338
-24.5470
-24.6392
-24.4575
-24.5293
-24.4692
-24.5398
-24.4940
-24.4907
-24.5719
-24.4711
-24.5234
-24.5916
-24.4927
-24.5470
-24.5142
-24.5496
-24.4895
-24.4652
-24.4783
-24.4534
-24.3834
-24.5615
-24.4934
-24.4600
-24.5091
-24.4148
-24.4463
-24.4987
-24.4659
-24.5118
-24.4954
-24.3317
-24.4796
-24.5464
-24.4384
-24.3932
-24.4109
-24.5852
-24.4718
-24.5548
-24.5577
-24.5820
-24.4411
-24.5392
-24.5256
-24.4790
-24.5046
-24.6347
-24.5406
-24.5991
-24.4634
-24.4791
-24.5223
-24.5706
-24.5741
-24.5020
-24.3453
-24.4207
-24.3795
-24.3788
-24.3263
-24.2944
-24.4266
-24.4410
-24.5079
-24.5564
-24.3461
-24.3723
-24.4312
-24.3278
-24.4810
-24.4764
-24.4711
-24.4338
-24.4672
-24.4685
-24.5229
-24.4758
-24.4823
-24.5425
-24.4522
-24.5052
-24.5694
-24.4175
-24.4135
-24.3513
-24.4862
-24.5019
-24.4345
-24.3598
-24.4358
-24.3985
-24.4011
-24.4318
-24.4161
-24.4162
-24.3118
-24.3414
-24.4751
-24.3247
-24.3441
-24.4672
-24.3932
-24.3946
-24.2951
-24.1945
-24.3874
-24.4306
-24.4332
-24.4849
-24.4122
-24.3671
-24.5032
-24.3495
-24.4122
-24.4253
-24.4240
-24.5254
-24.3940
-24.3520
-24.5171
-24.4772
-22.1759
5.2024
61.1253
63.9675
65.5409
65.6857
66.0876
65.8930
66.1602
66.1786
66.0456
66.0360
65.9528
66.0200
65.9719
66.0400
65.9686
65.9952
65.8768
65.9326
65.9207
65.9831
65.9679
66.0553
66.0440
66.0111
65.9270
66.0007
65.9398
65.8433
65.8774
66.0191
65.9598
65.9263
65.9261
65.9573
66.0087
65.9037
65.9742
65.9134
65.9862
65.9799
65.9599
65.9696
66.0344
65.9326
65.9526
65.9324
65.9430
65.8830
65.9598
65.8617
65.9502
65.9292
65.9823
65.9630
65.9533
66.0024
65.9332
65.8714
65.9984
65.9895
66.0175
65.9149
65.9501
65.9719
65.9622
65.9147
65.8771
65.9342
65.9959
65.9759
65.9541
65.9427
65.9363
65.9309
65.9365
65.8195
66.0182
65.9516
65.9475
65.8326
65.8602
65.8595
66.0279
65.9990
65.9709
65.9227
65.9404
65.8988
65.9121
65.9732
65.9220
65.9068
65.9975
65.9581
66.0039
65.9662
65.9155
65.9782
65.8938
65.9599
65.9766
65.9750
65.9018
65.9516
65.9011
65.9951
65.9381
65.8950
65.9246
65.9790
65.9613
65.9959
65.9244
65.9381
65.9927
65.9445
65.9999
65.8876
65.9639
65.9542
65.9356
65.9983
65.8824
66.0095
65.9566
65.9494
65.9551
65.9436
65.8933
65.9102
66.0047
65.9726
65.8811
65.8548
65.8902
65.8923
65.9461
65.9398
66.0087
65.9356
66.0144
65.9237
65.9533
65.9846
65.9655
65.9654
65.9711
65.9375
65.9423
65.9719
66.0128
65.9871
65.9686
65.8965
65.9270
65.8874
65.9318
65.9479
65.8650
65.8709
65.8249
65.9039
66.0135
65.9528
65.9045
65.8274
65.8959
66.0432
66.0096
65.8786
65.8736
65.9323
65.9151
65.9902
66.0024
66.0200
65.8853
66.0207
65.8965
65.8988
65.8861
65.9373
65.8819
65.9559
65.9999
65.9158
65.9582
65.9438
65.8786
65.8735
66.0102
65.8980
65.9950
65.9509
65.8525
65.9301
65.8642
65.8351
65.9252
65.8849
65.8513
65.7161
65.8987
65.8893
65.9645
65.9494
66.0449
65.8878
65.9332
65.9556
65.8986
65.9081
65.8540
65.8570
65.9243
65.8784
65.9789
65.8440
65.9209
65.9831
65.9531
65.9796
65.9227
66.0239
65.9113
65.9579
65.9460
65.9990
66.0650
66.0320
66.0095
65.9241
65.9943
65.9853
65.9902
66.0095
65.9220
66.0160
65.9708
65.9894
65.9467
66.1115
65.9635
65.9966
65.9870
65.9011
65.9394
66.0561
66.0215
66.0280
65.9169
66.0320
65.9113
66.0256
66.0031
66.0787
66.0545
65.9773
66.1458
65.9590
66.0860
66.0022
65.9676
66.0529
65.9571
66.0304
65.9347
65.9732
65.9651
66.0296
65.8702
66.0134
66.0215
65.9571
66.0401
66.0562
66.0232
65.9484
65.9158
66.0029
65.9934
65.9830
65.9159
66.0441
66.0014
65.9532
66.0127
65.9338
65.8834
66.0432
65.9516
66.0280
65.9378
65.9243
65.9509
65.9524
65.9612
65.9395
65.9396
65.9773
65.9187
65.8660
65.9509
65.8637
65.8538
65.9300
65.9863
65.9405
65.9380
65.9726
65.9396
65.8505
65.9081
65.9028
65.8105
65.8732
65.7867
65.8389
65.8473
65.8662
65.7795
65.7777
65.9180
65.8597
65.8530
65.8766
65.8133
65.9315
65.9037
65.8955
65.9007
65.8659
65.8043
65.9005
65.8458
65.8769
65.8065
65.9541
65.9286
65.9005
65.7755
65.7896
65.8724
65.8804
65.9214
65.7550
65.9188
65.9186
65.8828
65.9421
65.8674
65.8600
65.7849
65.9205
65.9387
65.9130
65.9098
65.8876
65.8819
65.7687
65.9917
65.9275
66.0280
65.8879
65.9709
66.0159
65.9378
65.9409
66.0505
65.9330
65.9356
65.8940
65.9323
65.9434
65.9603
65.9289
65.9500
65.9740
65.9121
65.8422
65.8992
65.8341
66.0158
65.9161
65.9537
66.0344
65.9892
65.9530
65.9449
65.9489
65.9723
65.8425
65.9303
65.9684
65.9561
65.9956
65.8345
66.0020
65.8505
65.9810
65.8974
65.9070
65.9254
65.9658
65.9423
65.9859
65.9803
65.9579
65.9385
65.8973
65.8763
65.9707
65.9335
65.8685
65.8717
66.0149
65.9561
66.0255
65.9360
65.9514
66.0417
65.9514
66.0368
65.9965
65.9497
66.0489
65.9318
65.9036
65.9312
65.9826
65.9246
65.9683
66.0457
66.0546
65.9568
65.9240
66.0256
65.8812
65.9731
66.0280
66.0320
65.9649
65.9787
66.0077
65.9610
66.0417
65.9917
66.0401
65.9714
66.0376
66.0199
65.9684
66.0344
65.9685
65.8038
65.8984
65.9377
65.9254
66.0264
65.9433
66.0392
66.0360
66.0674
66.0996
66.0223
66.0360
65.9015
65.9708
66.0602
66.0908
66.1283
65.9869
65.9457
66.0433
65.9540
65.9604
66.0111
65.9652
65.9670
66.0047
65.9032
66.0143
65.9918
65.9750
66.0336
66.0842
66.0417
66.0360
65.9902
65.9060
65.8919
65.8777
66.0246
66.0425
65.9740
66.0224
65.9346
66.0215
66.0256
65.9950
65.9260
65.9627
65.9966
66.1292
66.0553
65.9886
65.9959
65.8978
65.9829
65.9982
65.9260
65.9806
65.8857
65.9693
65.9306
65.8857
65.8921
66.0200
65.9780
65.8189
65.9204
65.9170
65.9523
65.9934
65.9115
65.9829
65.9281
65.9877
66.0231
65.9161
66.0126
65.9725
65.9257
65.9372
65.9669
66.0192
65.8560
65.9186
65.9629
65.8959
65.8969
65.9401
66.0176
66.0135
66.0401
66.0087
65.9594
66.0111
66.0135
66.0489
66.0441
65.9395
65.9740
65.9669
66.0537
65.9193
65.9764
65.9747
65.8875
65.9853
66.0029
66.0095
66.0102
65.9657
66.0231
65.9997
65.9893
66.1093
65.9676
65.9635
65.9853
65.9457
66.0231
66.0691
66.1175
65.9707
65.9746
65.9958
66.0417
66.0497
66.0344
66.0344
66.0038
66.0917
66.0062
66.0336
66.1044
66.0594
65.9811
66.0724
66.1149
66.0087
66.1264
66.1175
66.1679
66.1928
66.1344
66.1597
66.1008
66.1499
66.2452
66.0771
66.1403
66.1256
66.0409
66.0409
66.0046
65.9287
66.0457
66.1102
65.9893
66.0312
66.0223
66.0795
66.2442
66.1304
66.0974
66.1603
66.0449
66.1078
66.1126
66.0384
66.1393
66.1044
65.9661
66.0247
66.0674
65.9885
66.0715
66.0907
66.0893
66.1101
66.0223
66.0191
65.9555
66.0095
66.1229
66.0610
66.0103
65.9693
65.9661
65.9669
66.0425
66.0481
66.0288
66.0135
65.9828
66.0231
66.0224
66.0659
65.9733
66.0948
66.0900
66.0103
65.9330
65.9298
66.0199
65.9250
65.9493
66.0336
65.9350
65.9382
65.9295
65.9598
65.9815
66.0024
66.0183
65.9493
65.9598
66.0489
65.9814
66.0521
66.1406
65.9743
66.0441
66.0071
65.9606
65.9533
65.9043
65.9662
65.8859
65.9318
65.9967
65.9412
65.9146
65.9790
66.0304
65.9460
66.0913
66.0497
66.0770
66.2055
66.1011
66.0368
65.9491
66.0055
65.9461
66.0433
66.0135
66.0585
66.0513
65.9758
65.9355
66.0095
66.0216
65.9742
66.0626
66.0023
66.0224
66.0995
65.9638
66.0714
66.0449
66.0144
66.0754
66.1374
66.0215
66.0585
66.0818
66.0449
66.0497
65.9999
66.0328
66.0577
66.0216
65.9227
65.9636
66.0288
66.0175
66.0200
66.0578
65.9639
66.0529
66.1495
66.0626
66.0698
66.0513
66.1245
66.0755
66.1254
66.0513
66.0312
66.0489
66.0923
66.0923
66.1156
66.1817
66.0578
66.1262
66.0296
66.1389
66.0755
66.1052
66.0360
66.0513
66.0851
66.0707
66.0344
66.1092
66.2483
66.0579
66.0030
65.9725
66.0908
66.1390
66.0184
66.0465
66.0545
66.0875
66.0513
66.1134
65.9173
66.0328
66.0979
66.0465
65.9163
66.1291
66.2449
66.0434
66.1663
66.1204
66.0633
66.1557
66.1404
65.9983
66.0481
66.1426
66.1539
66.1815
66.0979
66.1250
66.1387
66.1244
66.1557
66.0866
66.1186
66.0705
66.1819
66.0392
66.1604
66.0672
66.0392
66.0184
65.9760
66.1625
66.1193
66.0144
66.0112
66.0873
66.1505
66.0312
66.0112
66.0576
66.0961
66.0505
66.1467
66.1727
66.1193
66.0432
65.9623
66.1087
66.0961
66.0529
66.0280
65.9905
65.9608
66.1009
65.9872
65.9968
66.0680
66.0208
66.0464
65.9960
66.0592
65.9457
66.0847
66.0304
66.0569
66.0216
66.0096
66.0256
66.0376
66.0673
66.1123
66.0737
66.0962
66.1066
66.0168
65.9310
65.9405
65.9391
66.0280
65.9896
66.0793
65.9695
66.0609
65.9944
66.0112
66.1075
66.0160
65.9927
65.9934
65.9631
66.0859
65.9855
66.0152
65.9276
65.8876
65.9895
66.0240
65.9398
66.0055
66.0521
65.9934
66.0441
66.1293
66.1697
66.1044
66.0449
65.9326
65.9750
65.9783
65.9685
65.9454
66.0200
66.0095
66.0481
65.9822
65.9839
65.9531
66.0031
65.9934
65.9676
66.0328
65.9701
65.9870
65.9598
66.0843
66.0812
65.9861
65.9409
65.9748
66.0594
66.0280
66.0239
65.8752
65.9157
65.9942
65.8995
65.9292
65.9323
66.0897
65.9316
66.0705
65.9750
65.9541
65.9153
66.0794
66.0683
66.0618
66.0578
66.1093
66.0199
66.1173
66.0053
66.0827
65.9935
65.9590
66.0280
66.0787
66.0850
65.9886
66.0457
66.0425
66.1302
66.1044
66.1204
66.0721
65.9951
65.9389
66.0119
65.9315
65.9685
65.9894
66.0609
65.9958
65.9846
66.0063
65.9566
66.1331
66.0841
66.1140
65.9646
65.9227
66.0360
66.0055
66.0072
66.0649
66.0537
66.0352
65.9622
66.0609
66.0801
66.0585
66.0007
66.1755
66.0096
66.1002
66.0304
66.1011
66.0817
66.0569
66.0794
66.1355
66.0681
66.0264
66.0730
65.9487
66.0288
66.0858
66.1123
66.0368
66.0754
66.0889
66.0031
66.1716
66.1210
66.0577
66.0529
66.0649
66.0376
66.0425
66.0633
65.9975
65.9983
65.9089
65.8246
66.0086
65.8393
65.9566
66.1084
66.0569
66.0200
66.0441
66.0489
66.0441
66.0120
66.0425
66.0914
66.0024
66.0192
65.9326
66.1196
66.0489
66.0674
66.1020
66.0731
66.1486
66.0649
65.8886
66.1534
65.9998
66.0923
66.1625
66.0971
66.1609
66.0932
66.0706
66.1183
66.0633
65.9591
66.0120
65.9349
66.0320
66.1021
65.8884
65.9469
65.9725
65.9653
65.9022
66.0424
66.0143
66.0103
66.1035
66.1212
66.0965
66.2152
66.1512
66.0843
66.1660
66.1640
66.1361
66.0740
66.1537
66.0634
66.1744
66.1343
66.0538
65.9852
65.9363
66.0296
66.1069
66.0981
66.1087
66.1523
66.1532
66.2039
66.0982
66.0819
66.1369
66.1880
66.1440
66.0835
66.0538
66.0666
66.1245
66.0756
66.0892
66.0046
66.1463
66.0118
65.9981
65.9989
66.0771
66.0360
66.1474
66.0747
66.0352
66.0788
66.1560
66.1601
66.2077
66.1545
66.1966
66.1044
66.1255
66.2193
66.1665
66.1069
66.1336
66.2222
66.1424
66.2246
66.2667
66.1528
66.1491
66.1621
66.1594
66.1434
66.2144
66.2327
66.2013
66.0940
66.2370
66.2499
66.1126
66.1810
66.0312
66.1873
66.0683
66.0634
66.0602
66.0263
66.1191
66.0207
66.1593
66.0811
66.1544
66.1560
66.1158
66.0988
66.0852
66.1013
66.1390
66.1175
66.1070
66.2064
66.1930
66.1284
66.0956
66.1601
66.1295
66.0965
66.1421
66.1083
66.1710
66.0545
66.1068
66.2828
66.1896
66.2214
66.2600
66.0594
66.2050
66.1212
66.2959
66.2226
66.0906
66.1672
66.1222
66.1179
66.1736
66.1855
66.2102
66.2516
66.1710
66.1333
66.1438
66.1768
66.1734
66.2064
66.1751
66.1953
66.1729
66.2203
66.0434
66.1308
66.1245
66.1945
66.1002
66.1197
66.1992
66.2667
66.2397
66.2258
66.1832
66.2397
66.1574
66.2011
66.0658
66.2393
66.2192
66.0931
66.2034
65.9669
66.1115
66.1101
66.2310
66.0152
66.0827
66.1212
66.1389
66.1567
66.1393
66.1832
66.1569
66.1440
66.0715
66.0900
66.1658
66.2306
66.2054
66.1264
66.2056
66.2408
66.1417
66.1230
66.2071
66.0884
66.1473
66.1505
66.1368
66.2621
66.1628
66.1522
66.1756
66.1271
66.1257
66.1394
66.0902
66.1371
66.0611
66.1404
66.1340
66.2405
66.1621
66.1679
66.1515
66.0611
66.0530
66.1266
66.0676
66.1008
66.0805
66.0836
66.0522
66.1112
66.1007
66.0917
66.0490
66.1508
66.1055
66.1243
66.1330
66.1874
66.1833
66.1509
66.0417
66.1307
66.0781
66.0903
66.1640
66.0481
66.1660
66.0667
65.9819
66.0336
66.0683
66.0732
66.0409
66.0530
66.1411
66.0199
66.1556
66.1201
66.1216
66.0409
66.1264
66.1364
66.1144
66.0982
66.1161
66.1298
66.1515
66.1694
66.0344
66.1207
66.1223
66.0763
66.0659
66.1586
66.0312
65.9998
66.1495
66.0722
66.0949
66.0811
66.1158
66.0851
66.0852
66.0674
66.1277
66.0860
66.1254
66.2374
66.2037
66.1906
66.0964
66.1060
66.1438
66.1606
66.0441
66.1903
66.0280
66.1198
66.0578
66.0481
66.2089
66.1324
66.1438
66.1606
66.1591
66.0834
66.2266
66.1124
66.1825
66.1749
66.2098
66.1341
66.1446
66.1237
66.2122
66.1220
66.1879
66.1653
66.0914
66.0714
66.0988
66.1919
66.1614
66.1574
66.1710
66.2136
66.3087
66.1727
66.2034
66.1904
66.1476
66.2339
66.2371
66.1365
66.2667
66.1132
66.1279
66.1527
66.1140
66.1883
66.1672
66.2058
66.0843
66.1067
66.1527
66.0787
66.0835
66.1061
66.1840
66.1150
66.0497
66.0745
66.1125
66.0988
66.0570
66.0602
66.1157
66.1592
66.0699
66.0288
65.9708
66.0489
66.0320
66.0691
66.0844
66.1287
65.9610
66.0877
66.0893
66.1295
66.0514
66.0602
66.0812
66.0926
66.0965
66.1127
66.1572
66.0183
66.0215
66.0207
66.1320
66.1046
65.9642
65.9779
65.9544
65.9473
66.0247
65.9497
66.0046
66.0610
66.0417
65.9602
66.0651
66.0126
66.1427
66.1040
66.0586
65.9473
66.1093
66.0029
66.1151
66.0506
66.1271
66.0699
66.1238
66.0731
65.9401
66.0497
66.0215
66.0505
66.0803
66.0126
66.0344
66.0425
66.0070
66.0030
66.0787
65.9828
65.9997
66.0304
66.0578
66.0344
66.0513
66.0642
66.0513
65.9676
65.7389
65.9364
65.9005
66.0312
66.0922
66.1791
66.1535
66.1836
65.9177
66.0624
66.0384
66.0939
66.1263
66.1020
66.1086
66.1012
66.0730
66.1853
66.1199
66.1530
66.0191
66.1305
66.0392
66.0859
66.0063
66.1375
66.0030
66.0401
66.1334
66.0828
66.0497
66.0924
66.0425
66.1100
66.0554
66.0666
66.1295
66.0964
66.1326
66.1094
66.1238
66.1408
66.0409
66.0199
66.0022
66.0747
66.0207
66.1255
66.0256
66.0425
66.1101
66.0900
66.1126
66.2141
66.0578
66.0819
66.0989
66.1449
66.1635
66.1562
66.1893
66.1102
66.1322
66.1198
66.0384
66.1400
66.1029
66.2092
66.1029
66.0779
66.1608
66.2896
66.1256
66.1093
66.1609
66.0739
66.1325
66.0907
66.2434
66.1421
63.5237
0.7764
-27.0739
-25.2352
-23.5800
-23.4472
-23.4623
-23.4340
-23.4224
-23.4028
-23.5206
-23.3780
-23.5524
-23.4321
-23.4328
-23.4308
-23.4579
-23.5469
-23.4354
-23.4690
-23.4333
-23.3977
-23.5039
-23.5411
-23.4236
-23.5166
-23.4954
-23.4378
-23.4948
-23.5348
-23.4819
-23.4330
-23.4248
-23.5361
-23.4529
-23.4451
-23.4888
-23.5896
-23.4355
-23.5257
-23.4809
-23.5238
-23.3977
-23.5276
-23.5393
-23.5339
-23.6104
-23.5990
-23.5424
-23.5358
-23.5118
-23.4648
-23.4579
-23.4853
-23.4938
-23.5741
-23.4418
-23.5579
-23.4872
-23.5065
-23.5194
-23.4548
-23.5046
-23.5942
-23.4841
-23.5141
-23.3979
-23.5822
-23.5819
-23.6072
-23.5087
-23.5191
-23.5800
-23.6190
-23.4583
-23.4720
-23.4095
-23.4834
-23.4676
-23.4231
-23.4800
-23.5437
-23.4144
-23.5339
-23.4761
-23.3763
-23.5244
-23.4417
-23.5380
-23.4578
-23.4989
-23.5443
-23.5314
-23.5510
-23.4897
-23.4107
-23.4579
-23.5020
-23.3482
-23.4439
-23.3844
-23.4304
-23.5519
-23.4565
-23.4301
-23.3057
-23.3960
-23.3659
-23.4686
-23.4021
-23.3502
-23.5156
-23.3700
-23.4200
-23.3128
-23.3347
-23.3606
-23.3669
-23.3492
-23.3317
-23.3256
-23.3736
-23.3555
-23.3502
-23.4229
-23.3056
-23.3514
-23.3441
-23.4894
-23.3026
-23.3818
-23.4202
-23.4131
-23.4289
-23.4410
-23.3765
-23.4512
-23.3421
-23.4299
-23.4774
-23.3797
-23.3308
-23.3807
-23.4275
-23.3663
-23.3266
-23.3507
-23.3038
-23.4590
-23.5564
-23.4081
-23.4723
-23.5125
-23.4516
-23.4141
-23.4473
-23.4027
-23.3891
-23.4487
-23.3710
-23.3785
-23.3940
-23.4527
-23.4202
-23.4986
-23.4651
-23.2393
-23.4912
-23.4796
-23.4704
-23.5055
-23.4954
-23.4967
-23.3789
-23.4194
-23.4047
-23.5096
-23.5087
-23.5478
-23.4786
-23.5745
-23.5491
-23.5176
-23.4973
-23.4698
-23.5375
-23.5454
-23.5271
-23.6213
-23.5663
-23.5700
-23.5614
-23.5790
-23.4733
-23.5213
-23.6344
-23.7029
-23.5636
-23.6312
-23.5314
-23.5804
-23.4736
-23.5568
-23.5362
-23.5959
-23.5832
-23.5090
-23.6412
-23.6625
-23.6058
-23.6544
-23.5845
-23.5432
-23.6290
-23.5501
-23.5400
-23.5741
-23.5831
-23.5482
-23.6788
-23.6744
-23.6753
-23.6467
-23.6762
-23.6735
-23.5868
-23.6013
-23.6794
-23.5758
-23.6126
-23.6381
-23.6163
-23.6830
-23.6703
-23.5700
-23.6312
-23.6794
-23.5890
-23.7156
-23.6788
-23.6590
-23.6203
-23.6013
-23.6666
-23.6299
-23.6599
-23.6916
-23.6099
-23.6558
-23.6690
-23.6822
-23.6612
-23.6580
-23.6684
-23.5817
-23.5655
-23.6612
-23.5527
-23.4505
-23.5849
-23.6372
-23.6372
-23.6235
-23.6276
-23.6508
-23.5213
-23.5295
-23.6449
-23.5786
-23.5232
-23.5536
-23.5441
-23.5419
-23.5454
-23.4983
-23.4941
-23.4973
-23.5036
-23.5286
-23.4970
-23.5827
-23.5014
-23.5017
-23.5372
-23.5324
-23.5055
-23.5640
-23.5909
-23.5295
-23.5390
-23.4973
-23.5547
-23.5036
-23.5153
-23.4979
-23.4480
-23.5782
-23.5627
-23.5327
-23.6308
-23.4990
-23.5266
-23.5895
-23.5150
-23.5352
-23.5968
-23.5551
-23.5378
-23.4374
-23.4812
-23.4362
-23.4229
-23.4894
-23.4594
-23.3275
-23.4238
-23.5077
-23.4806
-23.4537
-23.3527
-23.5055
-23.4180
-23.5264
-23.4749
-23.4369
-23.2880
-23.3524
-23.5695
-23.3941
-23.4129
-23.4613
-23.3846
-23.3616
-23.3701
-23.4076
-23.4683
-23.4708
-23.4707
-23.4553
-23.4354
-23.5964
-23.4866
-23.5030
-23.5515
-23.4352
-23.4091
-23.4292
-23.5346
-23.5276
-23.4427
-23.4989
-23.4739
-23.5465
-23.5383
-23.5597
-23.5370
-23.4500
-23.4841
-23.4894
-23.4325
-23.5365
-23.4790
-23.5556
-23.6312
-23.5443
-23.5683
-23.6380
-23.4914
-23.6217
-23.5900
-23.5923
-23.5190
-23.5633
-23.5633
-23.6562
-23.5249
-23.5437
-23.6122
-23.6389
-23.6797
-23.5506
-23.5175
-23.5941
-23.5819
-23.6625
-23.5945
-23.7522
-23.7200
-23.5973
-23.5995
-23.5945
-23.5317
-23.6335
-23.5560
-23.5964
-23.6525
-23.6748
-23.5815
-23.6643
-23.5532
-23.6358
-23.6753
-23.6072
-23.5283
-23.6312
-23.5931
-23.5484
-23.6684
-23.5973
-23.6720
-23.6553
-23.6801
-23.6417
-23.6553
-23.6553
-23.6068
-23.5922
-23.7017
-23.6158
-23.6735
-23.6022
-23.6571
-23.6911
-23.6911
-23.6553
-23.6167
-23.7197
-23.6785
-23.6399
-23.6394
-23.6362
-23.6353
-23.6358
-23.5858
-23.6802
-23.6639
-23.6621
-23.6440
-23.6281
-23.5877
-23.6176
-23.6049
-23.5778
-23.6167
-23.6226
-23.5380
-23.6168
-23.5954
-23.6136
-23.5859
-23.5659
-23.6471
-23.6185
-23.6308
-23.6540
-23.6440
-23.5918
-23.6226
-23.5691
-23.5796
-23.5264
-23.6449
-23.5295
-23.5374
-23.5488
-23.4932
-23.5046
-23.6321
-23.6154
-23.5460
-23.5551
-23.5339
-23.5538
-23.4995
-23.5676
-23.5754
-23.4834
-23.5795
-23.5378
-23.6340
-23.6480
-23.6017
-23.5890
-23.5722
-23.5877
-23.6585
-23.6988
-23.5890
-23.6222
-23.6281
-23.6780
-23.5627
-23.5858
-23.6516
-23.7429
-23.6467
-23.6045
-23.6956
-23.6476
-23.5944
-23.5560
-23.6707
-23.5066
-23.6950
-23.6421
-23.5251
-23.5478
-23.6426
-23.6331
-23.5959
-23.6272
-23.6181
-23.6417
-23.6530
-23.6272
-23.6403
-23.5986
-23.5273
-23.5705
-23.6303
-23.5850
-23.6172
-23.6040
-23.6140
-23.5400
-23.5292
-23.5115
-23.6158
-23.6040
-23.5387
-23.6833
-23.6797
-23.6643
-23.6272
-23.6417
-23.5709
-23.5904
-23.4973
-23.7509
-23.6010
-23.6679
-23.5148
-23.5460
-23.6344
-23.5809
-23.4907
-23.5260
-23.6099
-23.5337
-23.6693
-23.6485
-23.6299
-23.6557
-23.6217
-23.5700
-23.6512
-23.5990
-23.5918
-23.6907
-23.5886
-23.6031
-23.4550
-23.4989
-23.4357
-23.5096
-23.5677
-23.4473
-23.4764
-23.5614
-23.5342
-23.5387
-23.6154
-23.5959
-23.4806
-23.5514
-23.6671
-23.6031
-23.5877
-23.5677
-23.5595
-23.5320
-23.5999
-23.6544
-23.6902
-23.6217
-23.6580
-23.7510
-23.6730
-23.6553
-23.6458
-23.5977
-23.6299
-23.6231
-23.6684
-23.6439
-23.5750
-23.5510
-23.5945
-23.6725
-23.5261
-23.6249
-23.6426
-23.6267
-23.6698
-23.6076
-23.6643
-23.6272
-23.6838
-23.6335
-23.6462
-23.5618
-23.5428
-23.5137
-23.6059
-23.5895
-23.7811
-23.6000
-23.5406
-23.6281
-23.6625
-23.6530
-23.5579
-23.6884
-23.5918
-23.6031
-23.7070
-23.5782
-23.6971
-23.6802
-23.6997
-23.6272
-23.6453
-23.5990
-23.6059
-23.6308
-23.5713
-23.6698
-23.7229
-23.7391
-23.6544
-23.6643
-23.6085
-23.6933
-23.6589
-23.6785
-23.7171
-23.5701
-23.5473
-23.6939
-23.5836
-23.6489
-23.6965
-23.7545
-23.6244
-23.6226
-23.6385
-23.5863
-23.5605
-23.6031
-23.6562
-23.6762
-23.5995
-23.4739
-23.6918
-23.6104
-23.5968
-23.6399
-23.6213
-23.6412
-23.6063
-23.6680
-23.6707
-23.6394
-23.6861
-23.7125
-23.5461
-23.5378
-23.4759
-23.5528
-23.5469
-23.6321
-23.6290
-23.6258
-23.6017
-23.5741
-23.6235
-23.6045
-23.5437
-23.5605
-23.5914
-23.5705
-23.4951
-23.6308
-23.5197
-23.5560
-23.6294
-23.4952
-23.5178
-23.5283
-23.5767
-23.5435
-23.5510
-23.5318
-23.5768
-23.5627
-23.6104
-23.6299
-23.5093
-23.5555
-23.6544
-23.5968
-23.5677
-23.4916
-23.6294
-23.5863
-23.5872
-23.6489
-23.6608
-23.5945
-23.6634
-23.6294
-23.5564
-23.6263
-23.5999
-23.5827
-23.5374
-23.5968
-23.6403
-23.6290
-23.5188
-23.5166
-23.5465
-23.5644
-23.4926
-23.6403
-23.6562
-23.6403
-23.5605
-23.5614
-23.5519
-23.5687
-23.6031
-23.6026
-23.5944
-23.6965
-23.6113
-23.6753
-23.6344
-23.6163
-23.6358
-23.5469
-23.6381
-23.6090
-23.6376
-23.6281
-23.6140
-23.5869
-23.5904
-23.5932
-23.6580
-23.6254
-23.5383
-23.6674
-23.7209
-23.6258
-23.5954
-23.6647
-23.6217
-23.6661
-23.6403
-23.6149
-23.6983
-23.6466
-23.5928
-23.6059
-23.6353
-23.4784
-23.6081
-23.5945
-23.5751
-23.5437
-23.5337
-23.5342
-23.5080
-23.5592
-23.5219
-23.4841
-23.4724
-23.6240
-23.5940
-23.6263
-23.5147
-23.4866
-23.4575
-23.5324
-23.4052
-23.6125
-23.4016
-23.5118
-23.4888
-23.6213
-23.4750
-23.5346
-23.5235
-23.4783
-23.4771
-23.4828
-23.5365
-23.4919
-23.4749
-23.4856
-23.4989
-23.4711
-23.5823
-23.4670
-23.4679
-23.4168
-23.5219
-23.5488
-23.4464
-23.3887
-23.4964
-23.4575
-23.3795
-23.4316
-23.4393
-23.5447
-23.5077
-23.4151
-23.3846
-23.4897
-23.4180
-23.4825
-23.4452
-23.4013
-23.4204
-23.5080
-23.4115
-23.4262
-23.3826
-23.3752
-23.4935
-23.4815
-23.3524
-23.5033
-23.4524
-23.3824
-23.4679
-23.4679
-23.2943
-23.4741
-23.4752
-23.4021
-23.4212
-23.3879
-23.4941
-23.4354
-23.3587
-23.3545
-23.3691
-23.3815
-23.4609
-23.5115
-23.3868
-23.5393
-23.4294
-23.4357
-23.3754
-23.3527
-23.4158
-23.3598
-23.2786
-23.4025
-23.4221
-23.3222
-23.4275
-23.3970
-23.3763
-23.3492
-23.4260
-23.3494
-23.4897
-23.4294
-23.4828
-23.4742
-23.3643
-23.4938
-23.4417
-23.4538
-23.4594
-23.5406
-23.5339
-23.3784
-23.5587
-23.4311
-23.4158
-23.4822
-23.5276
-23.5137
-23.5229
-23.5592
-23.4352
-23.5982
-23.3796
-23.5524
-23.4364
-23.4442
-23.5184
-23.4664
-23.5534
-23.5099
-23.4548
-23.5677
-23.4715
-23.4497
-23.5200
-23.4938
-23.4828
-23.4960
-23.3689
-23.4044
-23.3691
-23.4929
-23.5194
-23.4357
-23.4916
-23.3960
-23.3972
-23.5030
-23.4391
-23.4541
-23.3762
-23.4350
-23.4282
-23.4901
-23.5068
-23.5254
-23.5398
-23.5027
-23.4642
-23.5039
-23.4459
-23.5020
-23.5456
-23.4166
-23.4923
-23.3803
-23.5437
-23.3467
-23.4200
-23.4238
-23.3613
-23.4009
-23.3999
-23.4668
-23.3334
-23.3740
-23.4110
-23.4359
-23.3664
-23.4069
-23.3377
-23.4163
-23.3697
-23.3585
-23.2649
-23.3730
-23.2867
-23.2959
-23.3148
-23.2390
-23.2752
-23.2981
-23.2815
-23.1974
-23.2795
-23.4287
-23.2835
-23.2566
-23.3230
-23.3479
-23.2638
-23.3125
-23.2441
-23.2472
-23.3145
-23.1954
-23.2285
-23.2845
-23.3105
-23.2327
-23.3073
-23.2151
-23.1726
-23.3465
-23.2483
-23.3394
-23.3575
-23.2773
-23.0949
-23.1975
-23.1923
-23.3074
-23.1157
-23.1715
-23.1923
-23.2161
-23.1829
-23.1187
-23.1342
-23.1736
-23.1757
-23.0785
-23.1001
-23.1497
-23.1570
-23.1405
-23.0793
-23.2161
-23.1943
-23.2690
-23.1571
-23.2348
-23.2544
-23.1850
-23.1902
-23.2316
-23.2700
-23.1799
-23.1902
-23.2068
-23.3103
-23.1809
-23.2037
-23.2337
-23.2037
-23.3331
-23.1416
-23.3300
-23.1177
-23.2285
-23.2836
-23.2057
-23.3373
-23.2244
-23.2596
-23.2130
-23.1166
-23.1302
-23.1427
-23.2647
-23.2099
-23.0194
-23.2790
-23.1591
-23.1891
-23.1654
-23.2099
-23.0999
-23.1312
-23.2637
-23.1705
-23.2306
-23.3414
-23.3102
-23.2731
-23.2182
-23.1902
-23.2078
-23.2472
-23.3220
-23.1364
-23.2492
-23.2803
-23.3000
-23.2368
-23.1871
-23.1767
-23.2171
-23.1902
-23.2202
-23.2347
-23.2513
-23.2275
-23.2751
-23.3196
-23.1954
-23.2710
-23.3292
-23.2720
-23.3000
-23.3646
-23.2100
-23.3260
-23.1665
-23.2699
-23.1912
-23.1912
-23.3310
-23.2907
-23.2368
-23.2919
-23.2275
-23.3591
-23.2730
-23.2534
-23.2585
-23.1281
-23.3286
-23.2389
-23.3196
-23.2709
-23.2120
-23.1187
-23.2958
-23.3717
-23.2792
-23.2462
-23.3021
-23.3343
-23.3952
-23.3144
-23.2918
-23.3073
-23.3198
-23.3417
-23.3125
-23.2773
-23.4306
-23.3333
-23.2099
-23.3459
-23.3032
-23.3105
-23.2844
-23.3134
-23.3879
-23.3417
-23.2451
-23.2722
-23.3498
-23.3995
-23.4337
-23.3446
-23.3748
-23.2960
-23.4110
-23.4333
-23.3344
-23.3811
-23.3807
-23.2784
-23.2493
-23.4853
-23.3294
-23.4229
-23.3560
-23.3395
-23.4142
-23.4787
-23.4357
-23.4730
-23.3325
-23.4083
-23.4217
-23.4674
-23.5156
-23.4475
-23.4154
-23.4882
-23.3685
-23.4444
-23.2775
-23.3346
-23.3760
-23.3499
-23.3819
-23.4541
-23.4279
-23.5329
-23.4645
-23.4270
-23.4863
-23.4446
-23.5181
-23.5168
-23.5620
-23.4954
-23.4601
-23.3771
-23.4601
-23.5156
-23.6140
-23.5090
-23.4749
-23.5030
-23.4838
-23.4800
-23.4538
-23.5345
-23.3655
-23.3524
-23.4904
-23.4238
-23.4403
-23.4107
-23.4951
-23.5216
-23.3867
-23.6098
-23.4649
-23.6131
-23.6000
-23.4218
-23.5266
